1266
1333
1861
789
259
395
1630
1736
1603
1556
409
1687
744
625
1817
163
147
878
1065
1627
1750
1964
1330
1122
1527
1942
845
34
844
8
1068
1711
1196
1948
1449
1638
1781
337
1516
399
1401
1061
264
1762
1200
885
169
866
880
1465
527
732
180
1461
302
1072
1686
221
144
1748
288
1879
852
123
998
1656
1188
1012
254
648
1649
1
313
1459
571
1454
1905
651
782
1737
907
1185
902
1866
492
772
1334
89
933
365
1044
1767
1036
913
1254
1296
55
1915
369
819
841
343
623
983
1991
1037
1222
111
788
1826
1076
1789
1847
309
612
1141
555
475
625
775
1628
168
614
804
1396
776
1659
1198
1816
457
1520
1216
604
1725
357
1714
1384
1269
219
1686
300
532
297
582
1134
1739
832
665
1669
1823
1494
931
1746
23
1107
1988
291
1796
643
1680
422
121
568
226
690
1280
816
1160
493
1771
949
476
729
124
1375
1019
896
84
1902
400
1001
1884
1354
481
878
133
1492
842
828
235
70
1525
1830
182
1490
1842
1021
1070
1227
58
622
1757
1973
1357
15
707
1259
649
1331
1241
230
524
527
1184
1180
896
730
209
1490
1778
359
49
1689
1997
1445
181
1478
643
1487
622
1806
594
1131
1990
1306
520
64
1157
1770
1464
580
477
1704
295
470
1852
1480
1118
128
1683
107
1078
1045
1159
227
888
244
254
594
904
1629
1325
1973
572
686
1242
1201
710
1560
1634
942
197
1111
1007
1599
1408
1241
261
770
1983
519
406
664
380
924
220
988
1072
1403
1965
1928
206
836
1321
1078
90
1014
1247
1432
956
1284
603
870
1119
592
1076
985
1858
1877
168
537
1144
1970
1855
334
667
1473
1887
1945
1546
1425
1634
256
1550
1027
897
1616
714
1153
153
1078
816
1926
351
55
1344
1267
1536
1635
305
978
362
715
498
1677
842
173
753
1673
583
340
986
1765
168
1201
1966
1848
376
953
1151
203
485
806
1106
398
1004
253
623
1834
1929
1435
927
154
801
1657
108
960
1715
1655
268
572
766
1775
1793
959
1387
888
1626
354
514
1545
1425
581
1590
1653
1141
651
1044
1814
1642
1823
1066
290
792
1957
1260
601
625
767
1064
1701
1143
352
1698
1811
641
1251
863
105
1454
1205
1389
1654
1548
1768
602
312
468
989
328
1533
825
474
107
533
1709
324
469
643
214
1679
925
218
1602
1891
709
64
1527
1718
1241
956
1238
1349
1793
578
693
567
1888
911
1104
1882
1604
993
1629
109
142
1832
596
1515
1758
207
1979
408
489
130
641
831
969
797
1318
1899
73
27
242
1219
1130
364
874
1851
1011
1299
275
282
531
1414
345
14
269
603
341
1554
1197
1020
1883
800
302
1907
1019
138
1755
21
1803
1920
150
39
315
414
1800
30
1111
1816
1179
1831
1645
436
193
996
398
813
176
1910
1159
167
244
575
1175
1339
974
606
745
1170
1215
1086
240
1123
327
4
1506
1897
100
290
113
1732
204
646
1060
1202
120
763
1140
1347
1220
1883
458
1222
882
1107
1314
1146
382
1397
1059
1237
1638
778
405
1192
857
1892
170
676
1611
770
1444
198
1954
1454
779
1864
1804
913
1156
49
8
616
1196
1668
1263
1063
1390
482
1376
1601
924
1673
1224
1919
140
1780
1223
1778
1586
1003
1094
1729
1202
1889
312
1819
216
442
716
1661
59
824
478
1584
748
978
1854
1074
50
1752
1983
1221
11
392
345
454
1402
634
460
1510
1063
52
879
283
188
813
1627
1942
1170
513
826
586
789
1421
474
1545
262
1081
73
419
1922
1004
113
1974
183
960
320
1054
815
227
1993
862
1554
120
1762
1124
587
59
1671
1942
1563
520
1615
476
413
315
833
953
521
808
1439
6
537
1933
766
829
1483
152
679
1212
714
880
966
193
1765
1309
393
1738
1135
53
1095
1643
1681
1589
1602
1673
1423
80
961
861
310
831
1210
1834
1756
381
1731
34
620
22
928
1831
697
390
67
1604
770
716
1171
132
796
1305
1382
853
904
1844
352
918
1535
1269
914
336
1268
1096
524
968
1689
1341
1799
1655
1956
468
821
328
1672
159
1863
600
1118
125
639
1047
934
1665
1304
151
947
1219
999
703
1987
790
1976
359
1259
773
1048
8
1125
458
1461
604
992
290
1128
227
409
1819
1628
244
449
198
371
684
1991
74
1875
168
1593
774
1263
1107
340
781
1744
240
224
685
115
61
449
30
119
176
353
762
897
1252
583
361
675
1820
1601
1158
368
1925
655
814
1807
1370
932
512
964
148
1775
1990
1704
524
551
255
367
212
1071
1513
1786
80
277
1691
1227
1926
330
1759
184
1985
1223
1984
952
50
1538
262
1468
344
95
1687
46
629
892
1651
1312
397
1930
941
1902
1493
1350
518
1294
975
1598
1985
1533
667
290
1099
1532
432
888
100
1155
959
1348
142
1332
577
492
1624
1088
1479
9
1858
573
1598
718
177
910
1353
1013
318
1000
1499
1236
715
315
1380
159
1204
1123
47
701
1561
1613
1895
1566
1276
936
1742
1549
1033
326
1605
1962
447
1126
824
1798
1814
822
634
83
1848
1987
1806
180
682
424
1556
1737
1767
1722
1565
1415
1746
1959
664
1612
1836
338
1482
940
1821
1170
232
1401
370
1817
639
941
1057
1947
1033
301
206
1773
1596
1977
477
831
867
475
967
280
733
1035
547
718
1351
530
97
68
1690
1329
1407
218
1752
593
1570
784
886
1669
1904
1619
1083
1053
1655
515
652
1716
1051
894
261
1528
1608
266
1964
1938
55
1693
549
1151
1686
1584
1294
1603
1538
1778
1067
1717
1364
34
587
615
1089
838
614
1787
1127
1713
1869
1515
776
1124
1558
300
1737
497
495
478
754
863
72
774
1340
230
1541
610
1602
885
1441
1664
1314
529
360
1383
519
1411
1729
945
223
1416
792
510
1010
457
1547
1495
1774
470
1049
1100
209
1776
180
338
1150
688
1780
1393
444
814
835
1337
606
1756
1322
910
212
1597
276
1382
1716
1927
1643
1337
163
16
580
663
143
187
989
952
253
1438
1298
94
1319
932
1743
1928
678
1105
765
1448
1928
1818
499
331
1740
248
1814
288
551
8
1861
1121
258
1382
1667
254
1390
492
1981
992
680
707
239
1782
1413
688
331
361
1504
73
1637
820
1846
5
732
335
166
1452
88
1619
1351
1585
1129
962
1999
1363
74
161
818
1896
145
1605
1432
1187
922
1300
111
384
896
742
22
1831
599
1180
1680
1880
1088
1028
483
1676
1995
1013
415
954
913
1921
335
1256
1419
774
1612
1907
722
711
1290
618
1592
1883
1457
608
1022
1265
1043
1806
1887
464
885
857
1769
297
558
1408
1061
1219
220
484
489
1505
520
620
263
522
462
865
1224
378
1063
772
545
1775
1614
63
813
999
1409
756
1664
613
922
281
1515
668
564
1300
1406
19
428
823
1483
658
686
1541
1212
1932
1696
264
1099
1931
1276
1843
345
402
114
20
1674
1130
804
1287
1375
1871
1638
7
1517
669
925
810
218
650
1380
1605
897
1241
899
1402
508
168
1901
1592
1884
1566
362
1338
546
1046
1611
1275
1590
693
1069
873
1586
1586
145
1484
1825
690
754
1346
722
733
106
652
651
23
727
145
129
85
1056
1652
1866
458
1348
1475
912
19
135
1603
918
812
17
1370
331
1508
193
1330
254
1348
794
1907
1652
1691
821
1682
1605
1164
1306
46
378
1776
152
398
1239
1378
1050
1070
1139
337
1837
1715
662
1431
1745
1038
1962
1586
50
1415
1791
341
852
1225
1220
676
1929
511
103
1205
1901
1977
988
622
1327
1262
1765
1797
1756
1933
1074
1895
251
1710
1260
558
1455
1054
486
270
877
1441
509
1818
1746
410
1589
994
1527
1761
999
552
974
177
707
1842
486
1986
926
1503
1420
1760
1437
138
35
33
1867
1994
758
532
1421
1307
1605
22
1970
235
1739
93
1842
1023
1404
63
1194
1461
1746
1515
1405
1536
431
1949
591
710
350
1524
1043
1238
1234
928
137
1573
1501
44
133
1043
314
262
133
716
1480
62
1454
1646
1543
1762
1668
528
262
1264
658
242
487
2
165
671
397
1369
518
1765
23
394
509
1897
69
1628
688
216
109
1839
767
1919
1444
1414
259
165
1125
1126
12
1673
1955
1363
856
979
633
794
254
786
644
1002
525
863
1962
641
985
1576
209
1316
1193
263
1495
1582
1354
1391
1871
1191
928
733
30
1045
1463
1625
712
1188
787
1798
121
1603
820
216
1598
587
482
922
1752
1042
421
958
339
146
1644
113
1256
551
1500
1435
1206
1525
1931
1272
840
240
437
1913
437
819
1741
831
610
1668
1840
1995
1876
134
1781
753
1480
1592
300
370
1366
1679
273
1485
1832
1620
1842
1467
1038
1281
1016
901
1336
967
561
1346
1118
804
101
1836
1791
15
464
1638
1399
1398
1515
1264
1375
860
1026
853
998
21
391
694
1194
1552
1459
880
1538
197
1171
1858
1508
1223
1206
1006
1385
433
444
255
1511
1793
673
256
1074
262
692
1628
1060
446
699
1398
557
335
1734
941
1225
1585
1776
405
1402
1529
1105
1921
1051
1450
525
1727
1584
501
1129
1751
405
1098
1440
165
994
1640
957
1962
1303
1935
403
683
299
1864
312
1117
593
508
973
1972
286
1194
207
1339
1368
1740
977
90
1332
575
399
1267
1018
307
1383
998
1117
863
1816
499
270
353
1985
1309
1222
1444
749
1101
127
244
897
1069
1750
1410
29
248
74
1541
1370
900
1589
765
974
568
1435
1906
1926
317
461
1573
355
1261
273
121
343
537
1387
1524
1136
1558
700
1925
467
1609
695
842
245
600
1995
1860
1387
181
1218
1989
1148
294
1409
821
959
722
794
115
1459
235
1029
1510
206
1521
725
684
368
240
1599
479
1581
1285
1301
1240
1132
584
674
1972
623
656
49
744
384
507
984
1251
994
1466
821
433
534
46
1406
1598
1419
1050
359
652
1999
780
1409
1704
1529
1435
1469
587
531
1554
368
622
118
1736
449
366
1409
1740
1624
1990
1822
564
874
1458
729
1128
1676
1723
723
1780
412
1819
579
1998
1381
1853
1894
1403
1761
736
1327
1445
553
1729
388
5
1378
807
810
544
1842
267
1674
1403
102
1002
655
1403
271
1440
42
971
326
1261
506
1692
1318
1710
1969
1400
837
1558
1413
706
927
595
1959
210
963
896
132
1541
1323
67
878
1856
161
153
605
450
1029
971
1266
1726
1675
1253
1370
943
1947
1171
657
1863
1394
1581
164
717
908
608
403
743
1553
1110
1470
1971
1554
969
17
1894
1402
166
1277
181
950
170
1530
722
1478
290
1796
910
1797
328
884
1322
609
1133
1405
717
1641
445
1868
1628
1290
839
1568
739
950
1471
588
1693
1562
1854
994
17
446
1967
1002
453
16
600
1794
132
