1
2
4
5
5
6
7
8
8
8
8
9
11
12
14
15
15
16
16
17
17
17
19
19
20
21
21
22
22
22
23
23
23
27
29
30
30
30
33
34
34
34
35
39
42
44
46
46
46
47
49
49
49
50
50
50
52
53
55
55
55
58
59
59
61
62
63
63
64
64
67
67
68
69
70
72
73
73
73
74
74
74
80
80
83
84
85
88
89
90
90
93
94
95
97
100
100
101
102
103
105
106
107
107
108
109
109
111
111
113
113
113
114
115
115
118
119
120
120
121
121
121
123
124
125
127
128
129
130
132
132
132
133
133
133
134
135
137
138
138
140
142
142
143
144
145
145
145
146
147
148
150
151
152
152
153
153
154
159
159
161
161
163
163
164
165
165
165
166
166
167
168
168
168
168
168
169
170
170
173
176
176
177
177
180
180
180
181
181
181
182
183
184
187
188
193
193
193
197
197
198
198
203
204
206
206
206
207
207
209
209
209
210
212
212
214
216
216
216
218
218
218
219
220
220
221
223
224
226
227
227
227
230
230
232
235
235
235
239
240
240
240
240
242
242
244
244
244
244
245
248
248
251
253
253
254
254
254
254
254
255
255
256
256
258
259
259
261
261
262
262
262
262
262
263
263
264
264
266
267
268
269
270
270
271
273
273
275
276
277
280
281
282
283
286
288
288
290
290
290
290
290
291
294
295
297
297
299
300
300
300
301
302
302
305
307
309
310
312
312
312
313
314
315
315
315
317
318
320
324
326
326
327
328
328
328
330
331
331
331
334
335
335
335
336
337
337
338
338
339
340
340
341
341
343
343
344
345
345
345
350
351
352
352
353
353
354
355
357
359
359
359
360
361
361
362
362
364
365
366
367
368
368
368
369
370
370
371
376
378
378
380
381
382
384
384
388
390
391
392
393
394
395
397
397
398
398
398
399
399
400
402
403
403
405
405
405
406
408
409
409
410
412
413
414
415
419
421
422
424
428
431
432
433
433
436
437
437
442
444
444
445
446
446
447
449
449
449
450
453
454
457
457
458
458
458
460
461
462
464
464
467
468
468
469
470
470
474
474
475
475
476
476
477
477
478
478
479
481
482
482
483
484
485
486
486
487
489
489
492
492
492
493
495
497
498
499
499
501
506
507
508
508
509
509
510
511
512
513
514
515
518
518
519
519
520
520
520
521
522
524
524
524
525
525
527
527
528
529
530
531
531
532
532
533
534
537
537
537
544
545
546
547
549
551
551
551
552
553
555
557
558
558
561
564
564
567
568
568
571
572
572
573
575
575
577
578
579
580
580
581
582
583
583
584
586
587
587
587
587
588
591
592
593
593
594
594
595
596
599
600
600
600
601
602
603
603
604
604
605
606
606
608
608
609
610
610
612
613
614
614
615
616
618
620
620
622
622
622
622
623
623
623
625
625
625
629
633
634
634
639
639
641
641
641
643
643
643
644
646
648
649
650
651
651
651
652
652
652
655
655
656
657
658
658
662
663
664
664
665
667
667
668
669
671
673
674
675
676
676
678
679
680
682
683
684
684
685
686
686
688
688
688
690
690
692
693
693
694
695
697
699
700
701
703
706
707
707
707
709
710
710
711
712
714
714
715
715
716
716
716
717
717
718
718
722
722
722
722
723
725
727
729
729
730
732
732
733
733
733
736
739
742
743
744
744
745
748
749
753
753
754
754
756
758
762
763
765
765
766
766
767
767
770
770
770
772
772
773
774
774
774
775
776
776
778
779
780
781
782
784
786
787
788
789
789
790
792
792
794
794
794
796
797
800
801
804
804
804
806
807
808
810
810
812
813
813
813
814
814
815
816
816
818
819
819
820
820
821
821
821
821
822
823
824
824
825
826
828
829
831
831
831
831
832
833
835
836
837
838
839
840
841
842
842
842
844
845
852
852
853
853
856
857
857
860
861
862
863
863
863
863
865
866
867
870
873
874
874
877
878
878
878
879
880
880
880
882
884
885
885
885
886
888
888
888
892
894
896
896
896
896
897
897
897
897
899
900
901
902
904
904
907
908
910
910
910
911
912
913
913
913
914
918
918
922
922
922
924
924
925
925
926
927
927
928
928
928
931
932
932
933
934
936
940
941
941
941
942
943
945
947
949
950
950
952
952
953
953
954
956
956
957
958
959
959
959
960
960
961
962
963
964
966
967
967
968
969
969
971
971
973
974
974
974
975
977
978
978
979
983
984
985
985
986
988
988
989
989
992
992
993
994
994
994
994
996
998
998
998
999
999
999
1000
1001
1002
1002
1002
1003
1004
1004
1006
1007
1010
1011
1012
1013
1013
1014
1016
1018
1019
1019
1020
1021
1022
1023
1026
1027
1028
1029
1029
1033
1033
1035
1036
1037
1038
1038
1042
1043
1043
1043
1044
1044
1045
1045
1046
1047
1048
1049
1050
1050
1051
1051
1053
1054
1054
1056
1057
1059
1060
1060
1061
1061
1063
1063
1063
1064
1065
1066
1067
1068
1069
1069
1070
1070
1071
1072
1072
1074
1074
1074
1076
1076
1078
1078
1078
1081
1083
1086
1088
1088
1089
1094
1095
1096
1098
1099
1099
1100
1101
1104
1105
1105
1106
1107
1107
1107
1110
1111
1111
1117
1117
1118
1118
1118
1119
1121
1122
1123
1123
1124
1124
1125
1125
1126
1126
1127
1128
1128
1129
1129
1130
1130
1131
1132
1133
1134
1135
1136
1139
1140
1141
1141
1143
1144
1146
1148
1150
1151
1151
1153
1155
1156
1157
1158
1159
1159
1160
1164
1170
1170
1170
1171
1171
1171
1175
1179
1180
1180
1184
1185
1187
1188
1188
1191
1192
1193
1194
1194
1194
1196
1196
1197
1198
1200
1201
1201
1202
1202
1204
1205
1205
1206
1206
1210
1212
1212
1215
1216
1218
1219
1219
1219
1220
1220
1221
1222
1222
1222
1223
1223
1223
1224
1224
1225
1225
1227
1227
1234
1236
1237
1238
1238
1239
1240
1241
1241
1241
1241
1242
1247
1251
1251
1252
1253
1254
1256
1256
1259
1259
1260
1260
1261
1261
1262
1263
1263
1264
1264
1265
1266
1266
1267
1267
1268
1269
1269
1272
1275
1276
1276
1277
1280
1281
1284
1285
1287
1290
1290
1294
1294
1296
1298
1299
1300
1300
1301
1303
1304
1305
1306
1306
1307
1309
1309
1312
1314
1314
1316
1318
1318
1319
1321
1322
1322
1323
1325
1327
1327
1329
1330
1330
1331
1332
1332
1333
1334
1336
1337
1337
1338
1339
1339
1340
1341
1344
1346
1346
1347
1348
1348
1348
1349
1350
1351
1351
1353
1354
1354
1357
1363
1363
1364
1366
1368
1369
1370
1370
1370
1370
1375
1375
1375
1376
1378
1378
1380
1380
1381
1382
1382
1382
1383
1383
1384
1385
1387
1387
1387
1389
1390
1390
1391
1393
1394
1396
1397
1398
1398
1399
1400
1401
1401
1402
1402
1402
1402
1403
1403
1403
1403
1404
1405
1405
1406
1406
1407
1408
1408
1409
1409
1409
1409
1410
1411
1413
1413
1414
1414
1415
1415
1416
1419
1419
1420
1421
1421
1423
1425
1425
1431
1432
1432
1435
1435
1435
1435
1437
1438
1439
1440
1440
1441
1441
1444
1444
1444
1445
1445
1448
1449
1450
1452
1454
1454
1454
1454
1455
1457
1458
1459
1459
1459
1461
1461
1461
1463
1464
1465
1466
1467
1468
1469
1470
1471
1473
1475
1478
1478
1479
1480
1480
1480
1482
1483
1483
1484
1485
1487
1490
1490
1492
1493
1494
1495
1495
1499
1500
1501
1503
1504
1505
1506
1508
1508
1510
1510
1511
1513
1515
1515
1515
1515
1515
1516
1517
1520
1521
1524
1524
1525
1525
1527
1527
1527
1528
1529
1529
1530
1532
1533
1533
1535
1536
1536
1538
1538
1538
1541
1541
1541
1541
1543
1545
1545
1546
1547
1548
1549
1550
1552
1553
1554
1554
1554
1554
1556
1556
1558
1558
1558
1560
1561
1562
1563
1565
1566
1566
1568
1570
1573
1573
1576
1581
1581
1582
1584
1584
1584
1585
1585
1586
1586
1586
1586
1589
1589
1589
1590
1590
1592
1592
1592
1593
1596
1597
1598
1598
1598
1598
1599
1599
1601
1601
1602
1602
1602
1603
1603
1603
1603
1604
1604
1605
1605
1605
1605
1605
1608
1609
1611
1611
1612
1612
1613
1614
1615
1616
1619
1619
1620
1624
1624
1625
1626
1627
1627
1628
1628
1628
1628
1628
1629
1629
1630
1634
1634
1635
1637
1638
1638
1638
1638
1640
1641
1642
1643
1643
1644
1645
1646
1649
1651
1652
1652
1653
1654
1655
1655
1655
1656
1657
1659
1661
1664
1664
1665
1667
1668
1668
1668
1669
1669
1671
1672
1673
1673
1673
1673
1674
1674
1675
1676
1676
1677
1679
1679
1680
1680
1681
1682
1683
1686
1686
1686
1687
1687
1689
1689
1690
1691
1691
1692
1693
1693
1696
1698
1701
1704
1704
1704
1709
1710
1710
1711
1713
1714
1715
1715
1716
1716
1717
1718
1722
1723
1725
1726
1727
1729
1729
1729
1731
1732
1734
1736
1736
1737
1737
1737
1738
1739
1739
1740
1740
1740
1741
1742
1743
1744
1745
1746
1746
1746
1746
1748
1750
1750
1751
1752
1752
1752
1755
1756
1756
1756
1757
1758
1759
1760
1761
1761
1762
1762
1762
1765
1765
1765
1765
1767
1767
1768
1769
1770
1771
1773
1774
1775
1775
1775
1776
1776
1776
1778
1778
1778
1780
1780
1780
1781
1781
1782
1786
1787
1789
1791
1791
1793
1793
1793
1794
1796
1796
1797
1797
1798
1798
1799
1800
1803
1804
1806
1806
1806
1807
1811
1814
1814
1814
1816
1816
1816
1817
1817
1818
1818
1819
1819
1819
1820
1821
1822
1823
1823
1825
1826
1830
1831
1831
1831
1832
1832
1834
1834
1836
1836
1837
1839
1840
1842
1842
1842
1842
1842
1843
1844
1846
1847
1848
1848
1851
1852
1853
1854
1854
1855
1856
1858
1858
1858
1860
1861
1861
1863
1863
1864
1864
1866
1866
1867
1868
1869
1871
1871
1875
1876
1877
1879
1880
1882
1883
1883
1883
1884
1884
1887
1887
1888
1889
1891
1892
1894
1894
1895
1895
1896
1897
1897
1899
1901
1901
1902
1902
1904
1905
1906
1907
1907
1907
1910
1913
1915
1919
1919
1920
1921
1921
1922
1925
1925
1926
1926
1926
1927
1928
1928
1928
1929
1929
1930
1931
1931
1932
1933
1933
1935
1938
1942
1942
1942
1945
1947
1947
1948
1949
1954
1955
1956
1957
1959
1959
1962
1962
1962
1962
1964
1964
1965
1966
1967
1969
1970
1970
1971
1972
1972
1973
1973
1974
1976
1977
1977
1979
1981
1983
1983
1984
1985
1985
1985
1986
1987
1987
1988
1989
1990
1990
1990
1991
1991
1993
1994
1995
1995
1995
1997
1998
1999
1999
