792
177
921
136
1581
627
1003
649
1230
1851
316
1985
1749
592
827
1311
124
744
900
991
127
1597
19
1529
621
1547
1834
616
1514
118
37
1218
1564
1810
535
479
1563
765
1589
1863
75
1535
1190
1381
884
334
1763
1033
1559
1088
530
635
1149
1297
1297
1136
1916
293
279
165
1230
823
683
118
1256
35
190
366
1937
1944
242
343
897
249
79
1184
358
1947
1848
375
1950
638
1783
412
1373
1623
463
897
263
957
437
1654
356
1442
148
481
1021
245
1005
966
1625
1285
1707
1448
797
823
462
1615
1659
810
1638
537
1331
1434
548
961
640
72
552
1613
1836
365
515
1925
344
492
1713
137
1112
1911
1765
20
929
767
884
1629
1267
15
808
1422
1652
842
1128
846
1323
1463
1444
67
1070
1527
724
908
1502
1457
1594
236
733
1875
883
91
1484
940
678
1612
950
909
403
517
421
1508
1970
284
1622
815
946
1472
991
276
836
1684
1723
1186
1093
566
301
1533
269
1912
1437
432
1836
481
900
554
1639
446
1503
949
689
1511
1717
1405
1066
1710
809
1157
56
641
1195
1106
338
1461
1772
1998
43
373
1420
997
1778
494
1535
2
371
1049
530
655
988
625
1532
1526
544
867
1192
221
1866
439
456
1257
1950
346
1444
1490
829
768
164
589
56
450
677
599
1641
392
566
1979
1350
94
60
1691
767
918
29
1865
209
1281
1189
1378
1671
338
344
1275
1351
564
1251
383
958
1222
1787
1702
31
93
1495
1182
1791
34
315
366
651
1945
293
1032
487
543
1445
1455
945
1984
581
201
707
808
1837
448
1405
1964
1984
1783
157
1711
136
1118
107
1113
384
1924
1212
1517
1110
1334
1615
917
251
1833
1377
1440
1613
233
1101
1325
1508
1408
0
1679
1421
1894
1379
1121
1222
847
149
1918
482
1098
985
1671
915
1084
1074
757
607
1277
1987
1775
782
408
1156
1046
156
1262
685
1860
595
1108
1768
614
747
1924
863
233
1605
511
958
352
1534
307
1749
615
205
1245
363
136
1085
1370
1370
699
660
94
1282
1568
1410
1919
440
1942
691
1294
304
1007
1170
1841
460
1328
193
608
1419
867
1606
250
193
322
1888
1056
22
1660
1234
626
1172
746
1191
1626
719
1765
1835
1569
1414
1805
1090
835
1357
385
789
254
991
981
315
1489
188
1691
1285
201
1638
32
1601
1482
1581
603
450
1449
1049
1812
1316
0
192
1215
1934
1753
1032
155
262
975
22
1307
1991
1881
1185
1526
1923
141
1253
949
593
636
256
1688
955
542
294
1660
1622
1697
1853
1096
1212
1847
952
1099
669
867
1669
1257
1083
1321
1123
766
1493
855
1881
768
447
806
1939
693
660
1167
893
274
22
557
775
1597
426
1232
1084
63
400
1301
30
1469
375
1343
1723
522
561
343
94
88
877
532
725
195
149
99
1424
1422
1882
967
1392
652
305
1893
1129
399
1114
980
832
1904
346
366
1
1026
178
1331
1187
596
66
362
372
1333
1636
1800
1364
1695
1973
631
1744
1109
591
1708
1413
898
223
1202
1590
925
806
489
227
1503
1563
1787
1241
1399
1908
883
1718
1949
60
1052
1271
195
716
1879
1146
763
1904
1125
1306
730
223
991
1756
145
1084
174
1655
1057
280
1983
385
1898
1217
419
689
1915
520
630
1214
1958
1319
1426
378
1404
551
1635
1318
220
1815
1035
896
282
978
275
184
916
1570
772
1716
347
1265
918
1857
1245
1231
1095
1105
876
1005
969
885
502
672
335
428
623
1612
1382
1722
421
828
1667
188
1318
1993
1313
1745
1964
710
983
1201
1169
231
1044
573
277
886
999
831
1337
1810
1741
823
44
1220
1461
696
853
1439
1190
1989
1971
1160
1796
757
1963
4
1080
1594
1611
1360
1058
1202
374
678
1953
294
271
1924
529
50
1379
750
411
76
222
1068
813
878
1328
192
1692
1243
936
482
1788
1584
445
511
1206
316
1583
184
260
1614
1434
1931
1145
1554
1512
158
671
1547
882
1430
758
1221
936
557
715
1476
922
683
1390
293
555
769
215
1072
1120
1448
1906
1747
1350
128
102
768
1094
428
577
1112
251
1566
865
1966
808
152
45
1434
1935
1986
309
683
41
922
463
333
1459
1656
979
1548
995
1345
418
1297
963
1403
98
1567
526
1510
1725
1895
170
901
1377
1574
968
1341
710
65
907
1845
541
1771
1032
1158
1071
138
375
291
926
280
756
1996
1924
773
393
961
3
119
975
1718
1135
1450
348
795
167
515
301
1454
543
707
65
1544
1660
968
1078
1418
164
1761
1345
1688
1972
982
290
1627
991
1699
1367
474
559
874
1911
1577
488
887
1718
1356
256
1577
1652
1399
1370
1772
1236
636
1212
1853
1599
1548
788
731
1437
1579
1713
1828
716
556
1499
1141
1709
812
738
256
1682
889
1147
328
35
280
1600
1444
1042
1448
232
1560
1448
552
531
232
154
1757
1891
750
958
1770
553
1956
904
1367
1072
28
173
1023
1485
802
658
528
1221
855
1337
1448
1453
464
1447
659
1069
1834
1018
828
1737
1528
842
1653
631
891
168
1994
1317
484
503
1567
11
1973
1787
1811
1966
1790
888
727
1118
954
1908
32
1241
900
1073
787
900
1890
141
1829
1226
661
1198
1791
1181
1294
489
265
1374
14
1471
762
723
598
1684
1512
310
382
247
1867
1604
1469
740
99
1931
1697
132
700
506
1130
1976
1984
1667
441
1599
1707
36
1364
225
1729
1252
646
90
314
1659
1355
1448
577
850
1252
1087
1776
356
1042
497
714
1895
1738
113
1297
1611
135
238
1509
498
442
1160
463
1822
468
766
19
1764
487
1503
1514
1736
1846
1943
547
1872
725
1388
1511
1022
64
978
542
1285
1605
1564
925
564
237
1279
640
915
395
138
1686
1599
1132
1309
1110
1617
660
731
241
1279
650
659
1533
1858
1408
408
1655
777
1121
1078
956
900
1838
362
1292
519
1589
682
357
1369
71
829
1111
1669
741
65
1671
1543
811
201
135
1445
640
1543
194
228
1330
831
1105
378
1942
1254
1634
1555
1696
492
1883
119
1742
347
1617
1560
1663
970
621
884
1731
1977
1917
908
1126
1773
259
156
811
1343
215
587
1571
1423
366
723
847
486
668
1948
416
1320
881
676
713
76
1081
933
672
1641
789
453
290
927
967
837
833
1264
1267
536
595
442
1289
465
400
176
1336
1907
693
1739
1165
1035
971
1368
576
1855
559
1667
1340
1668
1295
1662
1916
243
1555
455
693
1830
1217
1472
66
1834
691
196
589
1566
1910
1964
1606
776
1320
1928
351
892
333
594
1286
1852
1448
1497
1646
177
305
496
1576
1595
1309
966
74
1883
1127
1705
989
863
383
775
752
510
1153
690
1243
986
503
380
1174
91
232
1161
1773
78
234
1609
1140
1098
1439
1647
652
622
177
1448
54
1109
987
1803
1453
1929
1361
1495
358
76
1770
1936
84
1561
1392
1796
408
1561
415
717
154
339
1528
1305
582
1788
279
564
1885
21
326
1683
890
852
1306
664
132
1261
47
1663
901
947
134
115
1530
1948
468
1715
1259
967
403
168
1323
522
1267
1231
576
1319
1644
1039
907
1376
658
958
8
1309
1685
1272
1619
1945
415
1911
278
1956
1977
122
831
1572
1981
477
462
1571
1756
1955
865
770
792
1963
303
1968
1466
107
1784
1969
511
1281
357
1651
333
218
1592
1354
1315
33
760
828
1529
1484
1881
1894
906
1686
1892
1605
832
828
1469
169
1416
1098
743
1218
1181
1447
1062
82
1856
1091
1262
639
68
1729
483
1081
290
1324
1472
1422
1153
1007
510
971
383
1170
662
139
41
1121
1849
1927
1497
840
413
245
612
1282
300
806
1992
1473
1775
1744
835
194
1641
1370
1907
1421
1375
1482
1478
1932
271
507
1671
449
1730
1450
1613
532
156
1057
12
90
1585
918
1351
781
1119
349
745
871
535
766
712
1184
1999
48
573
1635
738
874
33
1581
733
1413
587
692
999
1894
1849
391
1897
557
629
1032
1023
1287
650
958
737
839
166
299
115
1957
1418
983
1240
1956
1856
793
1125
333
384
1509
275
1861
462
1188
926
1269
1891
440
348
93
276
219
1207
1585
1798
72
12
1634
725
1055
1876
633
326
612
1463
881
315
1575
1865
710
1768
155
1371
1846
1583
298
620
690
972
109
1473
1182
218
168
63
714
1013
1529
1984
1127
11
934
1326
298
972
352
1351
1986
1813
1352
1037
710
1228
1991
386
238
1141
928
447
956
180
288
1337
870
1625
1438
1189
1244
821
281
916
1053
1931
941
1968
264
64
772
832
747
346
1522
944
1142
247
1174
1865
337
1680
486
1135
1420
722
1607
26
1914
1648
1227
590
908
1946
1726
1834
1296
401
504
1655
1765
993
254
251
377
1361
1353
95
1658
1883
1695
1325
1935
40
1348
1377
1355
674
1206
59
1470
1988
453
1899
591
1690
1111
566
1193
1550
1186
1446
581
1838
1018
31
1764
1583
313
1681
2
405
29
544
1871
812
1817
1935
1826
250
14
1307
265
1972
1348
108
831
820
1429
287
1346
414
898
956
157
1886
1646
844
1899
1332
915
555
1752
1424
288
1354
1083
276
1590
241
60
1556
525
405
286
119
1539
1801
805
953
1821
561
1924
132
613
210
1217
629
110
270
809
1347
52
709
562
534
1870
1931
173
856
1720
1503
314
853
1069
673
960
220
644
1875
1832
440
477
874
1471
1648
1579
0
1891
1285
1296
1971
988
113
834
1255
910
441
1606
1587
1455
64
1076
308
1240
1316
594
530
1831
1906
1350
774
1360
753
36
685
213
1903
1029
734
327
801
1028
1351
1332
1674
927
902
1340
600
416
60
1519
1944
1311
725
1763
291
1933
409
1750
1719
1012
215
1463
1364
1486
1960
1865
535
397
1792
1813
363
596
1727
1562
1963
1393
932
205
1350
457
1305
280
1027
318
908
1441
1058
1589
173
549
688
1732
1419
1838
1138
564
216
1936
1075
31
1380
398
411
1782
988
1168
1624
22
684
1915
550
773
1785
543
772
201
203
1342
1093
3
1033
1226
398
950
1836
1291
211
658
60
537
647
402
882
1008
144
380
770
829
1326
1177
1528
1677
711
1443
1264
53
514
1730
745
1406
819
331
1962
628
1564
534
375
1741
376
204
1235
1689
163
1824
1713
67
1528
228
113
351
1598
128
1346
742
631
238
96
57
914
1311
1568
319
876
1721
613
629
1103
365
1136
707
1972
592
1154
1126
1017
658
676
615
1813
1729
1634
1099
1140
1888
1510
146
1534
1765
1016
353
1904
443
1205
1882
1875
1090
732
1814
1708
425
1631
306
1264
561
1945
604
292
33
1810
1928
536
879
190
925
1651
555
357
960
1697
1120
1430
857
1137
1684
793
1876
657
1393
77
1662
1914
1387
1520
744
330
1102
1993
708
445
1052
