0
0
0
1
2
2
3
3
4
8
11
11
12
12
14
14
15
19
19
20
21
22
22
22
22
26
28
29
29
30
31
31
31
32
32
33
33
33
34
35
35
36
36
37
40
41
41
43
44
45
47
48
50
52
53
54
56
56
57
59
60
60
60
60
60
63
63
64
64
64
65
65
65
66
66
67
67
68
71
72
72
74
75
76
76
76
77
78
79
82
84
88
90
90
91
91
93
93
94
94
94
95
96
98
99
99
102
107
107
108
109
110
113
113
113
115
115
118
118
119
119
119
122
124
127
128
128
132
132
132
134
135
135
136
136
136
137
138
138
139
141
141
144
145
146
148
149
149
152
154
154
155
155
156
156
156
157
157
158
163
164
164
165
166
167
168
168
168
169
170
173
173
173
174
176
177
177
177
178
180
184
184
188
188
190
190
192
192
193
193
194
194
195
195
196
201
201
201
201
203
204
205
205
209
210
211
213
215
215
215
216
218
218
219
220
220
221
222
223
223
225
227
228
228
231
232
232
232
233
233
234
236
237
238
238
238
241
241
242
243
245
245
247
247
249
250
250
251
251
251
254
254
256
256
256
259
260
262
263
264
265
265
269
270
271
271
274
275
275
276
276
276
277
278
279
279
280
280
280
280
281
282
284
286
287
288
288
290
290
290
291
291
292
293
293
293
294
294
298
298
299
300
301
301
303
304
305
305
306
307
308
309
310
313
314
314
315
315
315
316
316
318
319
322
326
326
327
328
330
331
333
333
333
333
334
335
337
338
338
339
343
343
344
344
346
346
346
347
347
348
348
349
351
351
352
352
353
356
356
357
357
357
358
358
362
362
363
363
365
365
366
366
366
366
371
372
373
374
375
375
375
375
376
377
378
378
380
380
382
383
383
383
384
384
385
385
386
391
392
393
395
397
398
398
399
400
400
401
402
403
403
405
405
408
408
408
409
411
411
412
413
414
415
415
416
416
418
419
421
421
425
426
428
428
432
437
439
440
440
440
441
441
442
442
443
445
445
446
447
447
448
449
450
450
453
453
455
456
457
460
462
462
462
463
463
463
464
465
468
468
474
477
477
479
481
481
482
482
483
484
486
486
487
487
488
489
489
492
492
494
496
497
498
502
503
503
504
506
507
510
510
511
511
511
514
515
515
517
519
520
522
522
525
526
528
529
530
530
530
531
532
532
534
534
535
535
535
536
536
537
537
541
542
542
543
543
543
544
544
547
548
549
550
551
552
552
553
554
555
555
555
556
557
557
557
559
559
561
561
561
562
564
564
564
564
566
566
566
573
573
576
576
577
577
581
581
582
587
587
589
589
590
591
591
592
592
593
594
594
595
595
596
596
598
599
600
603
604
607
608
612
612
613
613
614
615
615
616
620
621
621
622
623
625
626
627
628
629
629
629
630
631
631
631
633
635
636
636
638
639
640
640
640
641
644
646
647
649
650
650
651
652
652
655
657
658
658
658
658
659
659
660
660
660
661
662
664
668
669
671
672
672
673
674
676
676
677
678
678
682
683
683
683
684
685
685
688
689
689
690
690
691
691
692
693
693
693
696
699
700
707
707
707
708
709
710
710
710
710
711
712
713
714
714
715
716
716
717
719
722
723
723
724
725
725
725
725
727
730
731
731
732
733
733
734
737
738
738
740
741
742
743
744
744
745
745
746
747
747
750
750
752
753
756
757
757
758
760
762
763
765
766
766
766
767
767
768
768
768
769
770
770
772
772
772
773
773
774
775
775
776
777
781
782
787
788
789
789
792
792
793
793
795
797
801
802
805
806
806
806
808
808
808
809
809
810
811
811
812
812
813
815
819
820
821
823
823
823
827
828
828
828
828
829
829
829
831
831
831
831
832
832
832
833
834
835
835
836
837
839
840
842
842
844
846
847
847
850
852
853
853
855
855
856
857
863
863
865
865
867
867
867
870
871
874
874
874
876
876
877
878
879
881
881
882
882
883
883
884
884
884
885
886
887
888
889
890
891
892
893
896
897
897
898
898
900
900
900
900
900
901
901
902
904
906
907
907
908
908
908
908
909
910
914
915
915
915
916
916
917
918
918
918
921
922
922
925
925
925
926
926
927
927
928
929
932
933
934
936
936
940
941
944
945
946
947
949
949
950
950
952
953
954
955
956
956
956
957
958
958
958
958
958
960
960
961
961
963
966
966
967
967
967
968
968
969
970
971
971
972
972
975
975
978
978
979
980
981
982
983
983
985
986
987
988
988
988
989
991
991
991
991
991
993
995
997
999
999
1003
1005
1005
1007
1007
1008
1012
1013
1016
1017
1018
1018
1021
1022
1023
1023
1026
1027
1028
1029
1032
1032
1032
1032
1033
1033
1035
1035
1037
1039
1042
1042
1044
1046
1049
1049
1052
1052
1053
1055
1056
1057
1057
1058
1058
1062
1066
1068
1069
1069
1070
1071
1072
1072
1073
1074
1075
1076
1078
1078
1080
1081
1081
1083
1083
1084
1084
1084
1085
1087
1088
1090
1090
1091
1093
1093
1094
1095
1096
1098
1098
1098
1099
1099
1101
1102
1103
1105
1105
1106
1108
1109
1109
1110
1110
1111
1111
1112
1112
1113
1114
1118
1118
1119
1120
1120
1121
1121
1121
1123
1125
1125
1126
1126
1127
1127
1128
1129
1130
1132
1135
1135
1136
1136
1137
1138
1140
1140
1141
1141
1142
1145
1146
1147
1149
1153
1153
1154
1156
1157
1158
1160
1160
1161
1165
1167
1168
1169
1170
1170
1172
1174
1174
1177
1181
1181
1182
1182
1184
1184
1185
1186
1186
1187
1188
1189
1189
1190
1190
1191
1192
1193
1195
1198
1201
1202
1202
1205
1206
1206
1207
1212
1212
1212
1214
1215
1217
1217
1217
1218
1218
1220
1221
1221
1222
1222
1226
1226
1227
1228
1230
1230
1231
1231
1232
1234
1235
1236
1240
1240
1241
1241
1243
1243
1244
1245
1245
1251
1252
1252
1253
1254
1255
1256
1257
1257
1259
1261
1262
1262
1264
1264
1264
1265
1267
1267
1267
1269
1271
1272
1275
1277
1279
1279
1281
1281
1282
1282
1285
1285
1285
1285
1286
1287
1289
1291
1292
1294
1294
1295
1296
1296
1297
1297
1297
1297
1301
1305
1305
1306
1306
1307
1307
1309
1309
1309
1311
1311
1311
1313
1315
1316
1316
1317
1318
1318
1319
1319
1320
1320
1321
1323
1323
1324
1325
1325
1326
1326
1328
1328
1330
1331
1331
1332
1332
1333
1334
1336
1337
1337
1337
1340
1340
1341
1342
1343
1343
1345
1345
1346
1346
1347
1348
1348
1350
1350
1350
1350
1351
1351
1351
1351
1352
1353
1354
1354
1355
1355
1356
1357
1360
1360
1361
1361
1364
1364
1364
1367
1367
1368
1369
1370
1370
1370
1370
1371
1373
1374
1375
1376
1377
1377
1377
1378
1379
1379
1380
1381
1382
1387
1388
1390
1392
1392
1393
1393
1399
1399
1403
1404
1405
1405
1406
1408
1408
1410
1413
1413
1414
1416
1418
1418
1419
1419
1420
1420
1421
1421
1422
1422
1422
1423
1424
1424
1426
1429
1430
1430
1434
1434
1434
1437
1437
1438
1439
1439
1440
1441
1442
1443
1444
1444
1444
1445
1445
1446
1447
1447
1448
1448
1448
1448
1448
1448
1448
1448
1449
1450
1450
1453
1453
1454
1455
1455
1457
1459
1461
1461
1463
1463
1463
1466
1469
1469
1469
1470
1471
1471
1472
1472
1472
1473
1473
1476
1478
1482
1482
1484
1484
1485
1486
1489
1490
1493
1495
1495
1497
1497
1499
1502
1503
1503
1503
1503
1508
1508
1509
1509
1510
1510
1511
1511
1512
1512
1514
1514
1517
1519
1520
1522
1526
1526
1527
1528
1528
1528
1528
1529
1529
1529
1530
1532
1533
1533
1534
1534
1535
1535
1539
1543
1543
1544
1547
1547
1548
1548
1550
1554
1555
1555
1556
1559
1560
1560
1561
1561
1562
1563
1563
1564
1564
1564
1566
1566
1567
1567
1568
1568
1569
1570
1571
1571
1572
1574
1575
1576
1577
1577
1579
1579
1581
1581
1581
1583
1583
1583
1584
1585
1585
1587
1589
1589
1589
1590
1590
1592
1594
1594
1595
1597
1597
1598
1599
1599
1599
1600
1601
1604
1605
1605
1605
1606
1606
1606
1607
1609
1611
1611
1612
1612
1613
1613
1613
1614
1615
1615
1617
1617
1619
1622
1622
1623
1624
1625
1625
1626
1627
1629
1631
1634
1634
1634
1635
1635
1636
1638
1638
1639
1641
1641
1641
1644
1646
1646
1647
1648
1648
1651
1651
1652
1652
1653
1654
1655
1655
1655
1656
1658
1659
1659
1660
1660
1660
1662
1662
1663
1663
1667
1667
1667
1668
1669
1669
1671
1671
1671
1671
1674
1677
1679
1680
1681
1682
1683
1684
1684
1684
1685
1686
1686
1688
1688
1689
1690
1691
1691
1692
1695
1695
1696
1697
1697
1697
1699
1702
1705
1707
1707
1708
1708
1709
1710
1711
1713
1713
1713
1715
1716
1717
1718
1718
1718
1719
1720
1721
1722
1723
1723
1725
1726
1727
1729
1729
1729
1730
1730
1731
1732
1736
1737
1738
1739
1741
1741
1742
1744
1744
1745
1747
1749
1749
1750
1752
1753
1756
1756
1757
1761
1763
1763
1764
1764
1765
1765
1765
1765
1768
1768
1770
1770
1771
1772
1772
1773
1773
1775
1775
1776
1778
1782
1783
1783
1784
1785
1787
1787
1787
1788
1788
1790
1791
1791
1792
1796
1796
1798
1800
1801
1803
1805
1810
1810
1810
1811
1812
1813
1813
1813
1814
1815
1817
1821
1822
1824
1826
1828
1829
1830
1831
1832
1833
1834
1834
1834
1834
1835
1836
1836
1836
1837
1838
1838
1838
1841
1845
1846
1846
1847
1848
1849
1849
1851
1852
1853
1853
1855
1856
1856
1857
1858
1860
1861
1863
1865
1865
1865
1865
1866
1867
1870
1871
1872
1875
1875
1875
1876
1876
1879
1881
1881
1881
1882
1882
1883
1883
1883
1885
1886
1888
1888
1890
1891
1891
1891
1892
1893
1894
1894
1894
1895
1895
1897
1898
1899
1899
1903
1904
1904
1904
1906
1906
1907
1907
1908
1908
1910
1911
1911
1911
1912
1914
1914
1915
1915
1916
1916
1917
1918
1919
1923
1924
1924
1924
1924
1924
1925
1927
1928
1928
1929
1931
1931
1931
1931
1932
1933
1934
1935
1935
1935
1936
1936
1937
1939
1942
1942
1943
1944
1944
1945
1945
1945
1946
1947
1948
1948
1949
1950
1950
1953
1955
1956
1956
1956
1957
1958
1960
1962
1963
1963
1963
1964
1964
1964
1966
1966
1968
1968
1969
1970
1971
1971
1972
1972
1972
1973
1973
1976
1977
1977
1979
1981
1983
1984
1984
1984
1984
1985
1986
1986
1987
1988
1989
1991
1991
1992
1993
1993
1994
1996
1998
1999
